intrinsic:
1456.6679719945873 0.0 631.3038440259031
0.0 1475.6287679927916 526.298407876941
0.0 0.0 1.0
distortion:
-0.17707972414053746 2.5071913402385024 0.0029990923710546927 0.008813188462747234 -7.992376032194684
