intrinsic:
1443.487421572606 0.0 644.7804127330298
0.0 1449.997907910548 494.2226291144964
0.0 0.0 1.0
distortion:
0.06472990203711122 0.32159077964462307 0.002003703305240692 -0.00039387948398783486 2.005537209696996
